loop print:
-255
-16.74
10.94
-33.42
3.62
loop print:
-245
-18.10
10.86
-34.55
3.63
loop print:
-235
-17.64
11.24
-33.90
3.63
loop print:
-225
-17.62
11.37
-33.52
3.64
loop print:
-215
-16.84
11.32
-33.41
3.65
loop print:
-205
-17.28
11.10
-33.13
3.65
loop print:
-195
-16.50
11.24
-32.82
3.66
loop print:
-185
-16.02
11.17
-32.61
3.66
loop print:
-175
-16.47
11.21
-32.34
3.67
loop print:
-165
-15.44
10.88
-32.55
3.67
loop print:
-155
-16.24
10.77
-31.90
3.67
loop print:
-145
-14.50
10.94
-31.98
3.68
loop print:
-135
-14.93
11.45
-31.45
3.68
loop print:
-125
-13.56
11.37
-31.26
3.69
loop print:
-115
-13.69
11.82
-31.35
3.69
loop print:
-105
-14.14
11.84
-30.52
3.70
loop print:
-95
-14.23
11.76
-30.31
3.70
loop print:
-85
-13.62
11.86
-30.11
3.70
loop print:
-75
-13.12
12.13
-29.97
3.71
loop print:
-65
-12.93
11.62
-31.71
3.71
loop print:
-55
-12.23
12.05
-29.67
3.71
loop print:
-45
-10.91
12.05
-29.96
3.72
loop print:
-35
-11.32
12.42
-29.15
3.72
loop print:
-25
-10.68
12.41
-29.03
3.72
loop print:
-15
-10.55
12.69
-28.82
3.72
loop print:
-5
-10.15
12.77
-28.77
3.72
loop print:
5
-9.64
13.04
-28.75
3.72
loop print:
15
-9.24
13.05
-29.04
3.72
loop print:
25
-8.87
12.77
-29.01
3.72
loop print:
35
-8.66
12.99
-29.11
3.72
loop print:
45
-7.96
13.20
-28.46
3.72
loop print:
55
-7.97
13.17
-28.37
3.71
loop print:
65
-7.48
13.23
-28.71
3.71
loop print:
75
-7.03
13.83
-28.33
3.71
loop print:
85
-6.69
13.67
-28.23
3.70
loop print:
95
-6.96
13.65
-28.09
3.70
loop print:
105
-6.36
14.38
-28.35
3.70
loop print:
115
-5.39
14.48
-28.51
3.69
loop print:
125
-4.95
14.41
-27.89
3.69
loop print:
135
-5.37
14.57
-28.36
3.68
loop print:
145
-4.51
14.81
-28.23
3.68
loop print:
155
-4.24
14.61
-27.65
3.67
loop print:
165
-4.57
14.42
-28.47
3.67
loop print:
175
-4.22
15.05
-28.47
3.67
loop print:
185
-3.58
14.74
-28.14
3.66
loop print:
195
-3.61
15.00
-28.06
3.66
loop print:
205
-2.60
15.25
-27.79
3.65
loop print:
215
-2.61
15.48
-28.01
3.64
loop print:
225
-2.60
15.42
-27.67
3.64
loop print:
235
-2.32
15.54
-27.77
3.63
loop print:
245
-1.89
15.71
-28.17
3.63
loop print:
255
-1.43
15.79
-27.98
3.62