loop print:
-255
-16.68
11.59
-33.87
3.72
loop print:
-245
-18.66
11.22
-35.05
3.73
loop print:
-235
-18.29
11.34
-34.62
3.74
loop print:
-225
-17.80
11.18
-34.28
3.74
loop print:
-215
-17.60
10.97
-33.45
3.75
loop print:
-205
-17.33
11.18
-33.04
3.75
loop print:
-195
-16.27
10.89
-32.77
3.76
loop print:
-185
-17.16
11.81
-32.08
3.77
loop print:
-175
-16.45
11.59
-31.93
3.77
loop print:
-165
-15.94
12.05
-31.91
3.77
loop print:
-155
-16.28
11.79
-31.29
3.78
loop print:
-145
-15.84
11.51
-31.08
3.78
loop print:
-135
-14.98
11.64
-30.92
3.79
loop print:
-125
-14.39
11.29
-30.62
3.79
loop print:
-115
-14.28
11.20
-30.18
3.79
loop print:
-105
-13.58
11.30
-30.04
3.80
loop print:
-95
-13.93
11.52
-30.50
3.80
loop print:
-85
-13.57
11.88
-30.23
3.81
loop print:
-75
-13.26
12.22
-29.85
3.81
loop print:
-65
-12.78
12.15
-29.28
3.81
loop print:
-55
-12.59
12.20
-29.11
3.82
loop print:
-45
-12.05
12.47
-29.16
3.82
loop print:
-35
-11.22
12.32
-28.52
3.82
loop print:
-25
-10.95
12.48
-28.28
3.82
loop print:
-15
-11.07
12.39
-28.29
3.83
loop print:
-5
-10.28
12.64
-28.59
3.83
loop print:
5
-10.00
12.42
-27.76
3.83
loop print:
15
-9.36
12.51
-27.56
3.82
loop print:
25
-8.91
12.99
-28.00
3.82
loop print:
35
-8.86
13.60
-27.97
3.82
loop print:
45
-8.64
13.55
-28.14
3.82
loop print:
55
-7.78
13.57
-27.99
3.82
loop print:
65
-7.09
13.65
-27.90
3.81
loop print:
75
-6.71
13.92
-28.01
3.81
loop print:
85
-6.98
14.03
-28.20
3.81
loop print:
95
-7.75
13.97
-27.97
3.80
loop print:
105
-7.53
13.65
-27.80
3.80
loop print:
115
-6.92
13.83
-28.07
3.79
loop print:
125
-6.56
13.86
-28.09
3.79
loop print:
135
-5.90
14.21
-27.87
3.78
loop print:
145
-5.47
14.33
-27.54
3.78
loop print:
155
-4.35
14.42
-27.30
3.77
loop print:
165
-3.40
14.80
-27.14
3.77
loop print:
175
-3.45
15.46
-27.46
3.77
loop print:
185
-3.67
15.71
-28.33
3.77
loop print:
195
-3.57
15.23
-27.90
3.76
loop print:
205
-3.09
15.56
-27.85
3.75
loop print:
215
-2.58
15.55
-27.76
3.75
loop print:
225
-2.67
15.31
-27.69
3.74
loop print:
235
-1.95
15.86
-27.89
3.74
loop print:
245
-1.37
16.07
-27.79
3.73
loop print:
255
-1.05
16.32
-27.61
3.72