loop print:
-255
-16.78
11.87
-32.77
3.42
loop print:
-245
-18.22
11.62
-33.68
3.42
loop print:
-235
-17.74
11.82
-33.36
3.43
loop print:
-225
-17.41
11.76
-32.72
3.44
loop print:
-215
-16.62
12.00
-32.32
3.44
loop print:
-205
-16.49
12.05
-32.39
3.45
loop print:
-195
-16.30
12.24
-32.11
3.45
loop print:
-185
-16.07
12.42
-32.14
3.46
loop print:
-175
-16.66
12.58
-31.93
3.46
loop print:
-165
-16.50
12.05
-31.28
3.47
loop print:
-155
-15.35
11.66
-30.94
3.47
loop print:
-145
-14.45
11.80
-31.38
3.48
loop print:
-135
-14.14
12.34
-31.19
3.48
loop print:
-125
-13.84
12.46
-30.96
3.48
loop print:
-115
-13.81
12.55
-30.84
3.49
loop print:
-105
-13.84
13.07
-30.46
3.49
loop print:
-95
-14.21
12.97
-30.31
3.49
loop print:
-85
-13.78
13.05
-30.16
3.50
loop print:
-75
-13.80
12.65
-29.59
3.50
loop print:
-65
-13.27
12.37
-29.73
3.50
loop print:
-55
-12.61
12.66
-29.17
3.51
loop print:
-45
-12.10
12.53
-28.97
3.51
loop print:
-35
-11.83
12.85
-28.76
3.51
loop print:
-25
-11.24
12.91
-28.54
3.51
loop print:
-15
-10.70
13.02
-28.68
3.51
loop print:
-5
-10.62
13.31
-28.67
3.51
loop print:
5
-10.41
13.27
-28.35
3.51
loop print:
15
-10.30
13.39
-28.10
3.51
loop print:
25
-9.83
13.08
-28.27
3.51
loop print:
35
-9.55
13.20
-28.33
3.51
loop print:
45
-9.15
13.66
-28.53
3.51
loop print:
55
-8.56
14.01
-28.40
3.50
loop print:
65
-8.03
14.03
-28.18
3.50
loop print:
75
-7.71
14.08
-28.31
3.50
loop print:
85
-7.14
14.38
-28.24
3.50
loop print:
95
-6.88
14.95
-28.23
3.49
loop print:
105
-6.68
14.70
-28.16
3.49
loop print:
115
-6.97
14.87
-27.99
3.49
loop print:
125
-6.71
15.11
-27.85
3.49
loop print:
135
-6.73
14.75
-27.92
3.48
loop print:
145
-6.79
14.47
-27.95
3.48
loop print:
155
-6.31
14.56
-27.96
3.47
loop print:
165
-6.23
14.94
-27.55
3.47
loop print:
175
-5.88
15.12
-27.55
3.47
loop print:
185
-5.33
15.17
-27.54
3.46
loop print:
195
-4.92
15.33
-27.56
3.46
loop print:
205
-4.22
15.14
-27.45
3.45
loop print:
215
-3.88
15.49
-27.26
3.45
loop print:
225
-3.48
15.71
-27.13
3.44
loop print:
235
-3.14
15.22
-27.37
3.44
loop print:
245
-3.31
15.88
-27.62
3.43
loop print:
255
-2.75
16.25
-27.51
3.42