loop print:
-255
-17.67
11.39
-33.33
3.93
loop print:
-245
-19.34
11.15
-34.42
3.94
loop print:
-235
-18.98
11.25
-34.31
3.95
loop print:
-225
-18.52
11.39
-33.78
3.95
loop print:
-215
-18.56
11.67
-33.04
3.95
loop print:
-205
-17.21
11.70
-33.42
3.96
loop print:
-195
-16.92
11.60
-33.65
3.96
loop print:
-185
-17.14
11.67
-33.08
3.97
loop print:
-175
-17.90
11.59
-32.90
3.97
loop print:
-165
-16.50
11.43
-33.09
3.98
loop print:
-155
-15.83
11.45
-32.98
3.98
loop print:
-145
-15.29
11.76
-32.15
3.99
loop print:
-135
-14.71
12.19
-31.67
3.99
loop print:
-125
-14.69
12.18
-31.51
4.00
loop print:
-115
-14.08
12.10
-31.53
4.00
loop print:
-105
-14.25
12.18
-30.95
4.01
loop print:
-95
-14.36
12.56
-30.90
4.01
loop print:
-85
-13.61
12.49
-30.10
4.01
loop print:
-75
-13.17
12.13
-30.20
4.02
loop print:
-65
-12.56
12.17
-30.63
4.02
loop print:
-55
-12.05
12.48
-29.65
4.02
loop print:
-45
-12.52
12.50
-29.36
4.03
loop print:
-35
-12.11
12.72
-29.33
4.03
loop print:
-25
-11.75
12.87
-28.86
4.03
loop print:
-15
-11.33
13.04
-28.90
4.03
loop print:
-5
-10.99
13.26
-28.93
4.03
loop print:
5
-10.45
13.27
-28.44
4.03
loop print:
15
-10.17
13.77
-28.27
4.03
loop print:
25
-9.59
13.55
-28.62
4.03
loop print:
35
-9.41
13.28
-28.04
4.03
loop print:
45
-9.57
13.34
-27.93
4.03
loop print:
55
-9.26
13.53
-27.94
4.03
loop print:
65
-8.45
13.59
-28.00
4.02
loop print:
75
-8.54
13.53
-27.97
4.02
loop print:
85
-7.97
13.84
-27.70
4.01
loop print:
95
-7.18
14.13
-27.71
4.01
loop print:
105
-7.29
14.67
-27.65
4.01
loop print:
115
-6.92
14.76
-27.69
4.00
loop print:
125
-5.79
14.43
-27.52
4.00
loop print:
135
-4.60
14.50
-27.46
3.99
loop print:
145
-4.44
15.21
-27.51
3.99
loop print:
155
-4.41
15.20
-27.67
3.98
loop print:
165
-3.54
15.39
-27.30
3.98
loop print:
175
-3.23
15.57
-27.69
3.98
loop print:
185
-3.62
16.10
-27.58
3.97
loop print:
195
-3.43
16.00
-27.67
3.96
loop print:
205
-2.95
15.87
-27.25
3.96
loop print:
215
-2.82
16.49
-27.52
3.95
loop print:
225
-2.40
16.56
-27.41
3.95
loop print:
235
-1.95
16.36
-28.13
3.94
loop print:
245
-1.59
16.50
-27.65
3.93
loop print:
255
-1.44
16.78
-27.71
3.93