loop print:
-255
-17.31
11.39
-33.15
3.82
loop print:
-245
-19.37
11.49
-34.41
3.82
loop print:
-235
-18.80
11.84
-34.44
3.83
loop print:
-225
-18.29
11.46
-33.74
3.84
loop print:
-215
-18.72
11.44
-33.55
3.84
loop print:
-205
-17.88
11.72
-33.59
3.85
loop print:
-195
-18.04
11.74
-33.29
3.85
loop print:
-185
-16.72
11.76
-33.11
3.86
loop print:
-175
-16.59
11.66
-33.25
3.86
loop print:
-165
-17.45
11.86
-32.76
3.87
loop print:
-155
-16.55
11.93
-33.07
3.87
loop print:
-145
-15.86
11.60
-32.50
3.87
loop print:
-135
-15.79
12.07
-31.50
3.88
loop print:
-125
-15.26
12.24
-31.47
3.89
loop print:
-115
-14.71
12.48
-31.39
3.89
loop print:
-105
-14.03
12.43
-31.29
3.90
loop print:
-95
-14.19
12.19
-30.89
3.90
loop print:
-85
-13.95
12.70
-31.10
3.90
loop print:
-75
-12.65
12.49
-30.49
3.91
loop print:
-65
-12.66
12.94
-30.28
3.91
loop print:
-55
-12.60
12.98
-30.15
3.92
loop print:
-45
-11.90
13.01
-29.73
3.92
loop print:
-35
-11.92
13.13
-29.42
3.92
loop print:
-25
-11.86
12.58
-29.14
3.92
loop print:
-15
-11.10
12.59
-29.13
3.92
loop print:
-5
-10.71
12.98
-29.02
3.92
loop print:
5
-10.14
13.23
-28.41
3.93
loop print:
15
-9.81
13.27
-28.97
3.92
loop print:
25
-9.45
13.52
-28.40
3.92
loop print:
35
-9.31
13.36
-28.41
3.92
loop print:
45
-8.88
13.29
-28.55
3.92
loop print:
55
-9.01
13.66
-28.92
3.91
loop print:
65
-8.56
14.12
-28.94
3.91
loop print:
75
-7.23
14.18
-28.90
3.91
loop print:
85
-6.71
14.09
-27.76
3.90
loop print:
95
-5.82
14.49
-27.80
3.90
loop print:
105
-5.29
14.62
-27.75
3.90
loop print:
115
-6.07
14.65
-27.97
3.89
loop print:
125
-4.83
14.52
-27.26
3.88
loop print:
135
-4.17
14.97
-26.91
3.88
loop print:
145
-4.00
15.08
-27.45
3.88
loop print:
155
-4.19
15.22
-27.85
3.87
loop print:
165
-4.76
14.81
-27.57
3.86
loop print:
175
-4.64
15.14
-27.63
3.86
loop print:
185
-3.81
15.71
-27.65
3.86
loop print:
195
-3.69
15.38
-27.89
3.86
loop print:
205
-3.33
15.58
-27.76
3.85
loop print:
215
-3.06
15.59
-27.52
3.84
loop print:
225
-2.81
15.93
-27.60
3.84
loop print:
235
-1.67
16.33
-28.02
3.83
loop print:
245
-1.39
16.40
-27.89
3.82
loop print:
255
-1.25
16.56
-28.02
3.81