loop print:
-255
-16.29
11.27
-32.60
3.52
loop print:
-245
-17.08
11.60
-33.67
3.53
loop print:
-235
-16.86
11.58
-33.59
3.54
loop print:
-225
-16.77
11.77
-33.42
3.55
loop print:
-215
-16.57
11.56
-33.04
3.55
loop print:
-205
-15.93
11.49
-33.11
3.55
loop print:
-195
-15.62
11.28
-32.53
3.56
loop print:
-185
-16.45
11.46
-32.36
3.56
loop print:
-175
-16.54
11.15
-32.21
3.57
loop print:
-165
-14.81
11.58
-31.93
3.57
loop print:
-155
-15.95
11.53
-31.68
3.58
loop print:
-145
-14.23
11.82
-31.72
3.58
loop print:
-135
-15.12
11.77
-30.60
3.58
loop print:
-125
-13.73
12.05
-31.08
3.59
loop print:
-115
-14.38
12.31
-30.65
3.59
loop print:
-105
-13.17
12.25
-30.45
3.59
loop print:
-95
-12.75
12.20
-31.10
3.60
loop print:
-85
-13.65
11.73
-30.34
3.60
loop print:
-75
-12.76
11.66
-30.03
3.61
loop print:
-65
-12.62
12.03
-30.00
3.61
loop print:
-55
-11.87
12.29
-29.82
3.61
loop print:
-45
-11.93
12.45
-29.35
3.61
loop print:
-35
-11.67
12.51
-28.99
3.62
loop print:
-25
-10.97
12.74
-28.93
3.62
loop print:
-15
-10.77
12.97
-29.45
3.62
loop print:
-5
-10.71
12.75
-28.62
3.62
loop print:
5
-10.27
12.65
-28.42
3.62
loop print:
15
-9.88
12.70
-28.20
3.62
loop print:
25
-9.68
12.69
-28.54
3.62
loop print:
35
-8.93
13.07
-28.04
3.62
loop print:
45
-8.93
13.12
-28.33
3.62
loop print:
55
-7.98
12.86
-28.75
3.61
loop print:
65
-7.63
13.62
-28.25
3.61
loop print:
75
-7.73
13.32
-28.59
3.61
loop print:
85
-7.15
13.71
-28.72
3.60
loop print:
95
-7.55
13.66
-28.38
3.60
loop print:
105
-6.09
13.87
-28.17
3.59
loop print:
115
-7.48
13.83
-28.10
3.59
loop print:
125
-7.00
13.67
-28.31
3.59
loop print:
135
-5.30
14.48
-28.04
3.58
loop print:
145
-6.28
14.34
-27.95
3.58
loop print:
155
-5.29
14.14
-27.66
3.58
loop print:
165
-4.13
14.83
-27.19
3.57
loop print:
175
-4.18
15.14
-27.14
3.57
loop print:
185
-5.00
15.07
-27.56
3.56
loop print:
195
-4.26
14.98
-27.62
3.56
loop print:
205
-3.63
15.30
-27.42
3.55
loop print:
215
-3.32
15.05
-27.72
3.55
loop print:
225
-2.98
15.05
-27.59
3.54
loop print:
235
-2.90
15.18
-27.86
3.53
loop print:
245
-2.22
15.31
-27.85
3.52
loop print:
255
-1.72
15.91
-27.59
3.52