loop print:
-255
-17.35
11.69
-33.32
4.03
loop print:
-245
-19.36
11.29
-34.27
4.03
loop print:
-235
-19.25
11.48
-34.35
4.04
loop print:
-225
-18.26
11.15
-34.02
4.04
loop print:
-215
-18.39
11.33
-33.99
4.05
loop print:
-205
-18.81
11.44
-33.16
4.05
loop print:
-195
-18.80
11.46
-32.97
4.06
loop print:
-185
-18.06
11.92
-32.80
4.06
loop print:
-175
-16.89
11.96
-32.70
4.07
loop print:
-165
-16.38
12.14
-33.14
4.08
loop print:
-155
-15.58
12.13
-32.34
4.08
loop print:
-145
-15.38
12.05
-31.84
4.09
loop print:
-135
-15.43
12.38
-31.77
4.09
loop print:
-125
-15.18
12.10
-31.71
4.10
loop print:
-115
-14.62
12.62
-31.93
4.10
loop print:
-105
-13.56
12.35
-31.53
4.11
loop print:
-95
-13.77
12.28
-30.99
4.11
loop print:
-85
-13.29
12.30
-30.49
4.11
loop print:
-75
-13.07
12.46
-29.95
4.12
loop print:
-65
-12.60
12.33
-29.84
4.12
loop print:
-55
-12.11
12.52
-29.90
4.12
loop print:
-45
-11.73
12.70
-30.10
4.13
loop print:
-35
-11.10
12.58
-29.70
4.13
loop print:
-25
-11.13
13.05
-29.38
4.13
loop print:
-15
-10.83
13.13
-29.09
4.13
loop print:
-5
-10.84
13.43
-28.98
4.13
loop print:
5
-10.52
13.05
-28.65
4.13
loop print:
15
-10.34
13.42
-28.93
4.13
loop print:
25
-9.59
13.51
-28.62
4.13
loop print:
35
-8.91
13.61
-28.93
4.13
loop print:
45
-8.49
13.57
-28.66
4.13
loop print:
55
-8.52
13.62
-28.61
4.12
loop print:
65
-8.50
14.19
-28.41
4.12
loop print:
75
-8.49
14.48
-28.27
4.12
loop print:
85
-7.51
14.72
-28.62
4.11
loop print:
95
-6.13
14.75
-28.10
4.11
loop print:
105
-5.95
14.67
-28.03
4.11
loop print:
115
-5.79
14.37
-27.83
4.10
loop print:
125
-6.79
14.43
-28.35
4.10
loop print:
135
-6.37
14.62
-28.66
4.09
loop print:
145
-5.94
14.86
-28.42
4.09
loop print:
155
-4.82
14.75
-28.26
4.08
loop print:
165
-3.58
15.49
-28.18
4.08
loop print:
175
-3.31
15.64
-27.18
4.07
loop print:
185
-3.38
16.06
-28.19
4.07
loop print:
195
-3.24
16.28
-28.28
4.06
loop print:
205
-3.24
16.37
-28.00
4.05
loop print:
215
-3.12
16.33
-28.16
4.05
loop print:
225
-2.48
16.26
-27.97
4.04
loop print:
235
-1.81
16.40
-27.89
4.04
loop print:
245
-1.82
16.52
-28.41
4.03
loop print:
255
-1.07
16.95
-28.04
4.02